    9.431880    9.707918
    9.800208    4.358619
   11.339765   55.366725
   11.396109    3.855521
   11.411162    0.000000
   12.423408   11.311504
   12.699467   12.779698
   12.749886   28.259647
   13.664766   69.650322
   13.674212    0.000000
   15.051703    0.000000
   15.063160   44.106137
   16.106014   14.560224
   16.114059    0.000000
   16.154024    8.666910
   16.804719   10.325719
   16.889061   65.636436
   18.666240   21.223506
   18.728563    0.000000
   18.747095    8.863002
   18.928428    9.196604
   19.673030   19.554619
   19.522705    0.000000
   19.529384   11.311680
   19.771758    4.128858
   20.495406    0.000000
   20.592467    0.000000
   20.609386   31.428320
   20.640913    6.121221
   21.289398    2.235605
   21.215678    0.000000
   21.225957   36.488772
   21.923434    0.000000
   22.792523    7.050644
   22.800205    0.000000
   22.886027    0.000000
   22.895592   16.862159
   22.906922    9.241892
   22.937490    0.000000
   23.512669    0.000000
   23.518264    0.000000
   23.384088    0.000000
   23.399082    0.000000
   23.468031    0.984874
   23.623771    4.654267
   24.140072    1.940784
   24.167350    7.520573
   24.835744    0.000000
   24.967730    7.413602
   24.995921    0.737659
   25.558353    0.154493
   25.439500    0.000000
   25.448160    2.388008
   25.982904    4.197021
   25.630309    0.000000
   25.656100    5.895414
   25.661127    6.486906
   25.681739    0.000692
   26.198561   16.465904
   26.139657    0.129072
   26.159918   13.529358
   26.289051    0.000000
   26.832792    0.008638
   26.845977    6.272648
   27.248623    1.433939
   27.364921    5.527478
   27.854339   28.204050
   27.859117    0.000000
   27.528838    9.646480
   27.548151   16.625128
   27.949269    0.000000
   27.973074    0.683930
   28.657503    5.699869
   28.665260    0.000000
   28.558414   21.741500
   28.757731   13.167100
   29.696068    0.000000
   29.621126    1.964477
   29.189242    0.000000
   29.199920   12.080912
   30.261239    6.651988
   29.710880    0.000000
   29.728891    9.403687
   29.751166    0.003567
   29.787135   12.435554
   30.818466    0.000000
   30.371247    0.000000
   30.394786    0.000000
   30.740183   10.786968
   30.751827   10.899183
   30.437078    7.175243
   30.450296   10.720445
   30.460572    7.414247
   30.926681    3.800714
   30.948392   14.108568
   30.991447    8.575597
   31.026112    5.789748
   31.047652    4.916857
   31.902339   27.490368
   31.907971    0.000000
   31.483245    8.732487
   31.420624    0.084314
   31.450586    0.000000
   32.434164    0.000000
   32.438326    0.000000
   32.363565    5.262601
   32.370515    0.000000
   32.541702    1.313826
   32.558298    0.000000
   32.453393    0.586990
   32.463099   16.988434
   32.603588    0.000000
   32.632577    7.907513
   32.640752   11.245661
   32.964983    0.000000
   32.997789    0.000000
   33.026266   19.915703
   33.985121    0.000000
   33.929389    5.750068
   34.481821    0.000000
   34.412315   10.726027
   34.432060    0.055644
   34.039280    0.000000
   34.060543   18.419936
   34.159645   11.389604
   34.978820    0.000000
   34.989202    0.000000
   34.494783    0.000000
   34.522365    0.000000
   34.919280   29.064651
   34.657974   10.515604
   34.705052    7.015102
   35.074270    0.000000
   35.085923    0.000000
   35.094984    0.000000
   35.770147    0.000000
   35.070500    0.000000
   35.143844   19.387444
   35.164521    2.026963
   35.152795    7.389294
   35.564034    0.000000
   35.594728   57.502361
   35.887794    0.000000
   35.903024    3.534447
   35.514221    0.000000
   35.559030    0.000000
   36.434290    6.492582
   36.440554    0.000000
   36.729118   17.640930
   35.978708    3.293165
   36.102064    0.000000
   36.147502   19.010928
   37.195071    0.397753
   37.198763    0.055038
   36.579878    0.000000
   36.623557    0.000000
   36.602254    0.000000
   36.642170   13.408530
   36.999525    2.474442
   37.025483    0.000000
   36.920615    0.000000
   36.940430    3.503892
   36.951386   17.139985
   36.990979    1.564730
   37.099191    0.000000
   37.832810    3.637143
   37.852216    0.000000
   37.433332    0.000000
   37.444348    3.683148
   38.292077    0.000000
   38.310086    0.000000
   38.578326    0.000000
   37.883569    0.000000
   38.237003    0.000000
   38.245418    0.000000
   37.982263    8.063187
   38.020938    2.020881
   38.755049    0.000000
   38.399572   16.053429
   38.299118    0.000000
   38.341120    1.798871
   38.681487    0.000000
   38.710052    0.000000
   38.453178    1.179935
   38.463946    1.218151
   39.471789    3.349049
   39.481152    0.000000
   39.957906    0.000000
   38.914443    7.814261
   39.642829    2.339216
   39.291759    0.003949
   39.656822    4.904706
   39.310555    1.549067
   39.246015    2.525811
   40.395640    4.237267
   39.277760    0.001868
   39.649667    4.279055
   39.686969    7.500168
   40.021171    0.000000
   40.045464    0.000000
   40.830617    3.139656
   40.164972    5.720068
   40.206486    1.493086
   40.789730    0.979401
   40.795425    0.542657
   40.104065    0.000000
   40.114460    0.000000
   40.226970    4.282414
   40.258069    0.090122
   40.601994    0.436410
   40.641996    4.414639
   41.685969    2.425388
   41.690444    0.000000
   41.334683    0.000000
   42.109965    0.000000
   42.113294    0.000000
   41.802730    0.000000
   41.812775    0.000000
   41.820587    0.000000
   42.083423    0.000000
   41.418604    0.637724
   41.445592    0.970265
   41.472565    5.270730
   42.225769    0.000000
   41.890425    1.493072
   42.252335    0.000000
   41.926074   14.657747
   42.486566    0.000000
   41.819319    0.000000
   42.503089    0.000000
   41.849442    5.185581
   42.174994    0.000000
   42.192724    0.000000
   41.935845   10.544909
   41.970267    5.740016
   41.992515    0.000000
   42.324908    2.261209
   42.334853    1.087639
   42.911775    0.000000
   42.281890   11.333676
   42.304005    0.654340
   43.361707    4.789735
   42.357802    0.257243
   42.384301    2.993364
   42.410787    0.000000
   42.427251    5.567984
   43.038997    0.000000
   42.686802    1.196947
   43.767161   10.104041
   42.736167    0.000000
   43.474813    0.000000
   43.497520    0.000000
   43.729593    5.895029
   43.742509    0.961560
   43.413311    0.000000
   43.451193    0.000000
   44.174979    0.000000
   44.183522    0.000000
   43.205806    0.000000
   43.227540    5.117443
   43.603790    0.000000
   43.652320    0.000000
   43.969131    0.000000
   43.998061    0.000000
   43.886799    0.000000
   43.912553    0.000000
   43.938297    0.000000
   44.705292    0.000000
   44.635610    0.000000
   44.669490    0.000000
   45.380973    0.000000
   45.386200    0.000000
   44.711494    0.000000
   44.732644    3.499588
   45.048754    0.000000
   45.058217    0.000000
   46.002521   20.994643
   44.735657    0.000000
   44.777929    0.000000
   45.495305    0.000000
   45.511996    0.000000
   45.098886    0.000000
   45.741156    0.000000
   45.748428    0.000000
   45.146140    0.000000
   45.563734    0.000000
   46.125898    0.000000
   46.150666    0.000000
   46.785619    0.000000
   46.555244    0.000000
   45.619747    0.000000
   46.571640    0.000000
   45.661377    0.000000
   45.651935    5.502967
   46.272693    0.000000
   45.958948    0.000000
   45.983786   10.892946
   46.309752    0.000000
   46.008614    7.765160
   47.168845    0.000000
   47.171889    0.000000
   45.943511    0.000000
   46.943986    0.000000
   45.954899    0.000000
   46.959260    0.000000
   46.663247    6.559957
   46.699044    0.000000
   46.616336    0.000000
   46.643973   10.314831
   47.337363    0.000000
   46.754869    0.000000
   46.775296    0.000000
   47.292914    0.000000
   47.314176    0.000000
   46.809776    0.000000
   46.821002    0.000000
   46.799493    0.000000
   46.864788    0.000000
   47.129151    0.000000
   47.174822    0.000000
   47.064380   17.452529
   47.105021    0.362125
   48.316550    0.422802
   48.095769    0.000000
   48.107766    0.000000
   47.150559    0.000000
   47.186692    0.000000
   47.235362    0.000000
   47.820187    0.000000
   47.852312    0.000000
   47.470981    0.000000
   47.486125    7.551743
   47.519429    9.451494
   47.534562    0.092800
   48.212114    0.625264
   48.221095    0.799158
   48.447337    0.000000
   49.065493    0.000000
   49.073372    0.000000
   47.935958    4.359367
   48.000073    0.267148
   48.226945    1.402427
   48.237920   25.605264
   48.521423    0.000000
   48.545254    0.088455
   48.569078   28.907004
   48.316217    0.458520
   48.331161    0.000000
   48.364024    0.000000
   48.378957    0.000000
   48.334075    0.000000
   48.393812    0.000000
   49.190859    0.418405
   49.206586    5.630371
   48.613277   20.588630
   48.672757    0.000000
   49.031888    0.000000
   49.071295    0.000000
   49.285710   11.804959
   49.305341    0.005361
   50.180555    0.977059
   50.185399    2.100039
   49.962024    0.000000
   49.970770    0.000000
   49.977573    0.000000
   50.566517    4.714967
   49.702962    0.000000
   49.729299    0.112190
   49.959195    0.000000
   49.391356    0.000000
   49.645536    0.000000
   49.689462    0.000000
   50.330856    0.003033
   49.443809    0.000000
   50.354053    0.000178
   49.502546    0.000000
   50.931199    6.944334
   50.293231    6.792895
   49.700877    0.000000
   49.715511    0.003851
   50.327075    0.334133
   49.747692    0.942635
   49.762316    9.168511
   51.294961    0.000000
   49.860171   11.226494
   50.160102    0.103369
   50.170761    0.516019
   51.286392    0.000000
   50.133048    0.000000
   50.202438    9.553810
   51.633171    0.001894
   51.647406    0.000000
   50.473961    1.630807
   51.425783    0.000000
   51.445767    0.000000
   50.526999    6.628457
   52.014169    6.526233
   52.017946   10.625304
   51.159699    8.255665
   51.388738    0.000000
   50.805672    3.137684
   51.419205    0.000000
   50.863256    0.524150
   52.000019    5.521603
   50.854477    0.874237
   50.877501    1.770426
   50.945267   10.129758
   52.372545    3.967182
   52.375364    3.826465
   51.522300    0.002422
   51.230955    0.000000
   51.545108   37.562060
   51.567910   26.373523
   51.760610    0.000000
   51.769137    0.000000
   51.292009    0.000000
   51.478719    0.000000
   51.516753    0.000000
   51.282258    0.000000
   51.334692    0.000000
   51.593197   42.362166
   51.607439    0.933909
   51.638762    0.000000
   51.652995    0.000000
   52.708639    0.002557
   52.719862    0.003244
   52.512708    0.000000
   51.658474    0.000000
   51.681240    0.000000
   52.254332   17.179445
   52.273151    2.773050
   53.437505   22.526029
   52.599377    8.086665
   52.641516    7.058208
   52.278668    1.885411
   52.568613    3.821834
   52.578920    6.702789
   53.214662   24.785434
   53.229527    8.775015
   53.784615    5.300106
   52.669243    0.000000
   53.178502    0.000000
   52.609552    7.412194
   52.725372    0.003798
   53.203595    9.471721
   52.661044    0.000000
   54.134783    6.554754
   54.142128    4.574931
   52.736311    1.402639
   52.781177   16.287176
   52.979068   12.258255
   53.001433   19.726153
   52.998498    3.443586
   53.908404    0.000000
   53.043208    0.000000
   53.941546    0.000000
   53.664111   16.103765
   54.467880    0.000000
   54.474280    0.000000
   54.258023    6.083454
   54.290104   13.340727
   53.955940    5.647682
   53.969743    1.832571
   54.000101   29.790518
   54.013896    5.464702
   54.806872    0.000000
   53.688632   14.505360
   54.828722    0.000000
   53.779708    7.572686
   53.762471    9.847644
   53.823968    0.000000
   55.176175    3.513434
   55.180707    2.577211
   54.361071    4.278712
   54.106226    1.022125
   54.397686   12.217564
   54.114285   17.563046
   54.429367   12.938272
   54.915518    0.000000
   54.937338    0.000000
   54.479666   37.472139
   54.959154    0.000000
   55.297841    0.000485
   54.463003    0.000000
   55.326800   50.121175
   54.536123    1.981929
   54.520522    1.209014
   54.549758    2.792503
   54.790381    2.437135
   54.812236    0.000000
   54.999632    0.000000
   55.054117   38.113503
   55.839795   19.332298
   54.735801   36.018779
   55.858677   19.352357
   54.764958    5.569960
   54.776801   31.413519
   55.651454    0.000000
   55.659564    0.000000
   54.805943    0.000000
   56.198293   22.152100
   56.212619   36.349648
   55.411332    0.000000
   55.421274    0.000000
   55.616376   14.482009
   55.064737   31.330101
   55.634408    0.000000
   55.108294   14.118058
   56.722160    0.000000
   56.538362    0.799466
   56.551740    0.918594
   55.947097    0.000000
   55.987502    0.000000
   55.500224   34.518635
   55.529111    0.000000
   55.540844   20.033520
   56.883322    0.000000
   55.569718   27.777051
   55.737335    0.000000
   55.809331   41.629800
   57.397819   62.495796
   56.868229    0.000000
   55.874491   39.667515
   56.411864    0.000000
   56.469013  111.284565
   56.395930    0.000000
   57.729779    0.000000
   57.732419    0.000000
   56.126619   21.802694
   57.002577   42.826667
   56.161565   46.920579
   57.026530   61.072306
   57.550705    0.000000
   57.561285    0.000000
   56.751096    0.000000
   56.764441    7.889616
   56.793795    0.000000
   56.807133    0.000000
   56.710303  127.482159
   56.759249    0.000000
   57.533962    0.000000
   56.451794    0.011383
   57.548072   43.963590
   56.516055    0.759835
   56.830805    0.000000
   56.758982   24.670100
   56.873464    0.000000
   56.787448    0.000000
   56.799009    0.000000
   56.827461    0.000000
   57.061681    0.000000
   57.082957    0.000000
   56.878595    0.000000
   56.913238    0.000000
   57.153364   56.054506
   57.639204    0.000000
   57.674434   22.204904
   58.728941   80.735024
   58.224573    0.000000
   57.200980   48.934105
   57.264694   16.853521
   57.489758   61.579770
   57.761029    0.000000
   57.813798  183.237420
   57.560319   29.229109
   58.525640   69.422012
   58.556172   20.895504
   58.331569   55.468289
   59.384869   61.993840
   59.391786    0.000000
   58.663660    0.000000
   58.684567    0.000000
   58.705468    0.000000
   59.205480    0.000000
   59.213275    0.000000
   59.219338    0.000000
   58.650669    0.000000
   58.117838  219.616393
   58.660253    0.000000
   58.152008    0.000000
   59.534538   85.634370
   59.555254    0.000000
   58.491513    0.000000
   58.519438    0.000000
   58.530779   38.365758
   58.435846   99.858361
   58.558694   25.931376
   58.498704    0.000000
   59.516419    0.000000
   59.544046  140.620140
   59.335608    0.000000
   59.352908    0.000000
   58.610747   13.238438
   59.114724    0.000000
   59.050682    0.000000
   59.092319    0.000000
   60.366960  861.120173
   60.371240    0.000000
   59.853896  404.858483
   59.861640    0.000000
   58.798761    0.000000
   59.653017    0.000000
   58.855289  219.172038
   59.691811    0.000000
   59.419893    0.000000
   59.467419   61.345104
   59.671200    0.000000
   59.156952  317.404944
   60.515153    0.000000
   60.533102    0.000000
   59.761149    0.000000
   59.943690    0.000000
   59.781817    0.000000
   59.956585    0.000000
   59.984947    0.000000
   59.997837    0.000000
   59.694085    0.000000
   59.763013    0.000000
   59.529082    0.000000
   59.585183    0.000000
   59.528154   69.571275
   59.559228    0.000000
   59.583392    0.000000
   59.614450    0.000000
   59.825402    0.000000
   59.858965    0.000000
   61.347196    0.000000
   61.662650    0.000000
   59.801375    0.000000
   59.825478    0.000000
   59.884580    0.000000
   59.856460    0.000000
   59.856126    0.000000
   60.137803    0.000000
   60.199562    0.000000
   61.655836    0.000000
   61.145811 1167.327111
   60.097544  107.067342
   61.668516    0.000000
