    9.431689    7.343913
    9.778894    3.993201
   11.329035   38.241563
   11.398205    2.244350
   11.426741    1.250651
   12.407277    7.347995
   12.686954   12.963799
   12.774422   14.116108
   13.665949   46.752095
   13.683861    6.705407
   15.039339    0.000000
   15.061083   23.532497
   16.097222    6.767925
   16.112488    0.011677
   16.166594    6.263672
   16.779522    6.354832
   16.897983   40.435709
   18.632729   10.809790
   18.731046    2.240174
   18.766180    7.061483
   18.928041    5.721358
   19.501841    0.000000
   19.514522    7.141743
   19.629925   14.972959
   19.801335    3.601240
   20.458299    0.028781
   20.587005    2.381845
   20.619097   18.531480
   20.641753    2.651518
   21.224272   13.650827
   21.243759    5.088546
   21.251850    5.317369
   21.910962    0.280041
   22.756146    2.651216
   22.770738    0.917739
   22.887037    0.854222
   22.911179    5.365713
   22.905178    4.863344
   22.969125    1.649245
   23.367830    0.244907
   23.396285    0.453437
   23.440006    0.000000
   23.479283    0.000000
   23.489910    1.672207
   23.682600    2.086418
   24.143794    0.797475
   24.195508    4.317413
   24.852324    0.607187
   24.963070    2.607945
   25.016532    1.505272
   25.429866    0.000000
   25.446297    0.839845
   25.532850    0.536425
   25.627544    0.758043
   25.672073    1.643156
   25.676456    2.141585
   25.711146    1.316869
   25.933156    2.915081
   26.148362    4.665142
   26.186772    5.741957
   26.196614    5.340327
   26.298640    0.000000
   26.804437    0.000000
   26.829468    3.954333
   27.193506    0.000000
   27.324859    1.931911
   27.531255    5.236965
   27.567879    5.395678
   27.808364   10.763199
   27.817440    0.818802
   27.937050    2.082039
   27.982211    0.142575
   28.557824   12.206235
   28.635643    2.314727
   28.650368    3.159796
   28.796114    5.320418
   29.205007    0.000000
   29.225252    5.938408
   29.582356    0.000000
   29.630163    0.358182
   29.703994    0.784237
   29.738160    2.333854
   29.756112    3.293218
   29.824301    4.793959
   30.199468    3.022222
   30.345844    0.375853
   30.390518    2.073835
   30.460107    5.793543
   30.479592    3.023849
   30.504630    0.000000
   30.699179    2.928347
   30.721291    3.794663
   30.756453    2.895619
   30.903193    2.800910
   30.944395    5.029194
   30.990936    3.744888
   31.028350    3.398067
   31.056668    2.904860
   31.429768    1.326097
   31.470559    0.000000
   31.486569    0.000000
   31.841354    8.264170
   31.852055    4.139018
   32.328738    1.836654
   32.341934    0.809562
   32.375514    0.000000
   32.383422    0.000000
   32.454218    3.178752
   32.472627    3.532165
   32.523564    2.245408
   32.555056    0.731005
   32.607392    0.932727
   32.666687    3.226254
   32.662359    2.913595
   32.956172    0.000000
   33.018397    1.647558
   33.050272    5.225139
   33.870404    1.591022
   33.932995    0.000000
   34.054682    2.840978
   34.094993    7.369458
   34.178109    4.834753
   34.376517    1.399775
   34.414000    3.619894
   34.448282    0.491989
   34.490403    0.000000
   34.542717    0.000000
   34.664531    4.385898
   34.753776    5.368212
   34.893455    6.185708
   34.924860    4.811904
   34.944580    2.240852
   35.028770    0.000000
   35.075658    0.000000
   35.092850    0.000000
   35.114942    1.612479
   35.154101    5.780566
   35.193308    5.207652
   35.246311    2.735524
   35.520408    0.000000
   35.544884    5.244090
   35.603118   12.537091
   35.605356   11.671299
   35.695629    0.000000
   35.857233    0.000000
   35.886140    2.691422
   35.988649    3.892527
   36.102242    0.000000
   36.188396    6.756744
   36.386107    0.090914
   36.398003    0.000000
   36.581348    0.748484
   36.613678    3.223858
   36.650528    3.428742
   36.664167    4.201364
   36.689348    2.920949
   36.922904    1.449582
   36.961212    3.334512
   36.960484    3.698372
   36.984863    2.282698
   37.034108    0.066657
   37.036271    0.000000
   37.112832    0.000000
   37.123537    0.188646
   37.130553    0.439896
   37.456392    0.336664
   37.477276    0.000000
   37.782308    0.225896
   37.832709    1.114326
   37.819156    0.482806
   37.987445    3.525450
   38.060775    0.738770
   38.214291    1.322941
   38.230262    0.613839
   38.243335    0.000000
   38.293221    0.000000
   38.277528    0.000000
   38.372877    2.728957
   38.398764    2.680153
   38.471350    1.341321
   38.491766    1.193320
   38.512698    0.889776
   38.650613    0.179076
   38.704823    0.106880
   38.715504    0.358801
   38.992035    3.794466
   39.261443    0.562165
   39.283914    0.166331
   39.319571    0.352853
   39.321627    0.419443
   39.404585    0.286048
   39.422372    2.192806
   39.599118    2.081442
   39.625685    1.909917
   39.647566    2.716498
   39.718306    3.820757
   39.867535    0.000000
   39.994765    0.148406
   40.040865    0.885081
   40.114577    1.219515
   40.134289    1.099050
   40.148276    0.743844
   40.237877    0.000000
   40.227025    0.024257
   40.296842    1.460093
   40.308427    4.145856
   40.586633    0.905787
   40.662512    0.000000
   40.727884    0.000000
   40.738700    0.953755
   40.743193    1.722959
   41.321575    0.315812
   41.426072    1.786990
   41.477248    0.259660
   41.528372    0.000000
   41.599330    1.897540
   41.607834    2.498395
   41.776735    0.000000
   41.791565    0.000000
   41.823090    0.000000
   41.810625    0.000000
   41.878918    2.258460
   41.880213    2.739214
   41.946538    5.840499
   41.994284    3.838105
   42.001829    1.813455
   42.025192    0.089477
   42.031517    0.000000
   42.036463    0.000000
   42.041406    0.000000
   42.155448    0.415433
   42.182220    2.175599
   42.189089    2.303494
   42.232647    1.171849
   42.304417    0.303809
   42.325548    0.169191
   42.344411    0.083891
   42.361101    0.000000
   42.346345    0.000712
   42.389699    0.683923
   42.411356    3.947152
   42.424396    0.958511
   42.455773    1.427311
   42.461562    1.303089
   42.697500    0.000000
   42.791089    0.175735
   42.858108    2.441183
   42.971983    0.000000
   43.223977    0.198651
   43.265184    2.575413
   43.282294    3.059424
   43.386894    1.079694
   43.435641    0.336335
   43.458770    0.073034
   43.478738    0.065970
   43.610366    0.867306
   43.672200    1.690012
   43.696725    1.852115
   43.703012    1.691417
   43.702382    2.391400
   43.883470    0.266855
   43.932321    0.000000
   43.963618    0.082953
   43.981128    0.227125
   44.018492    0.046492
   44.094157    0.000000
   44.110384    0.647955
   44.613064    0.000000
   44.678815    0.000000
   44.677345    0.000000
   44.722739    0.992289
   44.751438    2.402548
   44.762845    2.846861
   44.831581    2.804496
   45.037841    0.000000
   45.055792    1.122453
   45.098894    4.190307
   45.188502    0.995692
   45.305104    0.270145
   45.315032    1.986491
   45.462925    3.394755
   45.494601    0.345639
   45.631486    0.243531
   45.647350    1.149199
   45.691152    2.796309
   45.705794    1.539789
   45.704958    3.387439
   45.710418    1.415052
   45.901637    0.000000
   45.946914    0.878688
   45.974253    3.728978
   45.994034    4.143902
   45.995845    4.476309
   46.041116    5.041131
   46.068948    4.586436
   46.115971    2.529447
   46.232705    0.000000
   46.303033    2.561697
   46.477613    4.068549
   46.508752    2.636662
   46.599847    0.536822
   46.624578    0.354145
   46.652280    1.338001
   46.681319    2.144116
   46.692510    2.004174
   46.757024    0.590891
   46.808586    0.000000
   46.795768    0.000000
   46.836354    0.000000
   46.857638    1.400213
   46.867907    1.651133
   46.896914    3.809276
   46.932374    1.714050
   47.069653    0.000000
   47.070315    0.000000
   47.093382    0.134114
   47.076098    0.000000
   47.120504    3.930131
   47.146722    5.445864
   47.225631    0.878523
   47.207127    1.922709
   47.240199    0.412696
   47.269180    0.000000
   47.280560    0.362997
   47.317869    0.263135
   47.479792    5.659475
   47.508514    5.055708
   47.571655    2.638199
   47.600334    2.813501
   47.785357    3.627905
   47.846318    2.497273
   47.940006    1.207214
   48.024193    2.590016
   48.046973    2.868258
   48.061570    2.145636
   48.188384    1.197338
   48.205428    1.801332
   48.222903    2.539155
   48.246856    3.430576
   48.267666    3.739448
   48.321273    3.484052
   48.347076    0.966006
   48.349617    0.507344
   48.406702    0.000000
   48.411927    0.000000
   48.440231    0.970325
   48.460328    2.040070
   48.498990    0.464668
   48.544208    1.022027
   48.589395    4.128847
   48.625015    7.109841
   48.737784    7.349868
   48.970539    0.000000
   48.985506    0.000000
   49.028602    1.846888
   49.103342    0.702632
   49.144780    0.785422
   49.174633    1.816499
   49.277023    1.178945
   49.326586    1.171352
   49.314264    1.313958
   49.451823    3.650601
   49.563191    0.894465
   49.626519    1.498279
   49.674180    0.000000
   49.699889    0.000000
   49.727647    0.000000
   49.709846    0.000000
   49.724154    0.000000
   49.788671    5.208977
   49.816393    3.704456
   49.871031    0.230064
   49.901346    0.000000
   49.906243    0.325854
   49.919157    1.363078
   49.935760    3.431481
   50.090179    2.475686
   50.099379    1.575439
   50.171183    0.747045
   50.172879    0.894540
   50.191398    1.178445
   50.241355    0.744143
   50.259857    0.505404
   50.303901    2.230974
   50.305593    2.723418
   50.321044    3.866783
   50.449115    0.000000
   50.490376    0.000000
   50.590931    4.275575
   50.807684    1.448017
   50.816363    1.182617
   50.884703    0.165740
   50.916879    0.094224
   50.928353    0.236090
   50.981139    4.198830
   51.179125    0.005693
   51.179890    0.005640
   51.220864    1.206670
   51.213122    2.312057
   51.295003    0.000000
   51.340628    0.000000
   51.336657    0.000000
   51.358841    0.000000
   51.394420    0.000000
   51.396783    0.000000
   51.398450    0.000000
   51.465125    4.786112
   51.488097    2.344266
   51.531379    6.879983
   51.542613    0.000000
   51.537270    6.967522
   51.584140    0.000000
   51.569648    0.000000
   51.574636    1.543871
   51.611160    5.000216
   51.670565    1.454336
   51.684897    0.567416
   51.697552    3.852073
   51.723083    0.636128
   51.728062    2.394469
   51.739265    1.514276
   51.899654    3.751915
   51.906829    3.400761
   51.916834    2.020246
   52.233400    1.868391
   52.259561    2.960255
   52.264916    3.434517
   52.269104    3.053661
   52.308159    0.352652
   52.457249    0.000000
   52.568585    0.000000
   52.569061    0.000000
   52.588612    2.071510
   52.616366    5.792109
   52.622306    0.000164
   52.663228    4.681189
   52.643620    0.000227
   52.648536    0.000233
   52.714010    0.000000
   52.760138    0.000000
   52.769677    0.000000
   52.845198    0.507547
   52.999353    5.172025
   53.021108    1.367897
   53.041761    0.000000
   53.105877    0.000000
   53.136360    1.132146
   53.154137    2.108437
   53.182355    1.865019
   53.183982    1.798406
   53.328987    3.181638
   53.585066    2.843059
   53.698875    0.000000
   53.689164    0.000000
   53.798722    0.000000
   53.841233    1.850729
   53.838871    4.283045
   53.882643    3.905812
   53.904149    1.752224
   53.937076    0.000000
   53.963266    0.000000
   54.020850    0.341784
   54.025011    0.880875
   54.038965    1.469885
   54.047011    0.854566
   54.127197    2.532924
   54.192102    6.205850
   54.252998    0.385396
   54.261157    0.000000
   54.335718    4.631382
   54.388226    3.869757
   54.400380    1.325283
   54.405186    0.000000
   54.428227    0.000000
   54.469807    0.000000
   54.493488    0.000000
   54.523619    3.484160
   54.548958    5.394938
   54.608450    1.964289
   54.721139    0.433701
   54.748743    2.906051
   54.762627    3.398916
   54.802443    0.629749
   54.804037    0.583184
   54.826490    0.137753
   54.843890    0.000000
   54.868398    0.623034
   54.881732    0.000000
   54.909811    1.095120
   54.951204    4.455593
   54.983837    4.963103
   55.077924    0.080244
   55.070634    0.000000
   55.079242    0.000000
   55.087186    1.256371
   55.160519    7.738488
   55.235576    3.523437
   55.290543    0.000000
   55.399656    4.485694
   55.418518    2.012970
   55.509749    0.000000
   55.564535    0.000000
   55.582043    0.258808
   55.586781    1.274898
   55.599286    1.456222
   55.614681    3.148753
   55.616259    3.615031
   55.641517    7.418448
   55.738554    0.000000
   55.757925    0.000000
   55.793776    1.001280
   55.875079    4.735943
   55.903352    1.037500
   55.972231    0.870050
   55.980025    2.147616
   56.091191    7.052535
   56.118400    2.512154
   56.156725    0.000000
   56.222980    0.000000
   56.380663    2.191959
   56.406539    0.000000
   56.432609    0.000000
   56.469100    0.000000
   56.458016    2.433826
   56.489082    0.000000
   56.591980    0.000000
   56.590936    8.809840
   56.699439    0.000000
   56.720939    0.000000
   56.746263    0.000000
   56.762952    0.000000
   56.784493    0.000000
   56.797279    0.000000
   56.792279    0.000000
   56.801949    0.000000
   56.816940    0.000000
   56.836145    0.063935
   56.838864    0.064744
   56.827249    0.000000
   56.905195    0.072951
   56.892806    0.073841
   56.917047    0.069352
   56.946144    0.000000
   56.970883    0.000000
   56.991604    0.000000
   57.063709    0.000000
   57.104065    0.000000
   57.214905    0.000000
   57.264548    0.000000
   57.282099    0.000000
   57.335714    0.000000
   57.448904    0.369649
   57.458244    0.369831
   57.483431    0.000000
   57.468996    0.377830
   57.485032    0.000000
   57.600863    0.000000
   57.601437    0.000000
   57.606453    0.000000
   57.617252    0.000000
   57.667712    0.000000
   57.733947    0.000000
   57.834054    0.000000
   58.111054    0.000000
   58.138742    0.000000
   58.203536    0.000000
   58.350670    0.000000
   58.444267    0.000000
   58.444836    0.000000
   58.487968    0.000000
   58.502797    0.000000
   58.540938    0.863118
   58.578362    0.000000
   58.562448    1.016453
   58.563462    1.021938
   58.602599    0.000000
   58.604693    0.000000
   58.625620    0.000000
   58.615375    0.000000
   58.642280    0.000000
   58.643806    0.000000
   58.681944    0.000000
   58.821931    0.000000
   58.929113    0.000000
   59.046386    0.000000
   59.113409    0.000000
   59.117773    0.000000
   59.125362    0.000000
   59.129285    0.000000
   59.144086    0.000000
   59.205801    0.000000
   59.259385    0.000000
   59.272522    0.000000
   59.286863    0.000000
   59.319695    0.000000
   59.397767    0.000000
   59.433272    0.000000
   59.439138    0.000000
   59.472609    0.000000
   59.487925    0.000000
   59.491581    0.000000
   59.540171    0.000000
   59.548923    0.000000
   59.572224    0.000000
   59.595265    0.000000
   59.599105    0.000000
   59.644920    0.000000
   59.678460    0.000000
   59.655299    0.000000
   59.668888    0.000000
   59.703792    0.000000
   59.751582    0.000000
   59.781315    0.000000
   59.786269    0.000000
   59.790791    0.000000
   59.800970    0.000000
   59.809196    0.000000
   59.838598    0.000000
   59.840105    0.000000
   59.885807    0.000000
   59.900940    0.000000
   59.902251    0.000000
   59.925410    0.000000
   59.929925    0.000000
   59.979224    0.000000
   60.003676    0.000000
   60.030441    0.000000
   60.109335    0.000000
   60.138764    0.000000
   60.245385    0.000000
   60.253514    0.000000
   60.255888    0.000000
   60.270394    0.000000
   60.417544    0.000000
