    7.536101    0.083218
   10.665367    0.201818
   11.010553    0.000000
   11.928566    0.011569
   15.105045    4.649970
   15.151695    6.590358
   15.352145    3.001764
   16.071203    1.682346
   16.900291    0.000000
   17.122146    1.145712
   18.565185    6.097654
   19.290500    0.000000
   20.214744    2.099162
   20.770938    3.698946
   21.424552    0.639432
   21.457858    0.000000
   21.601545    2.288385
   22.092086    0.223531
   22.124435    1.446994
   22.740986    4.341736
   22.970780    0.000000
   23.988903    2.873260
   24.018831    0.721635
   24.148053    0.369342
   25.330648    1.951608
   25.387501    0.014629
   26.345206    0.000000
   26.463781    1.472928
   26.518369    1.263444
   26.870511    0.457001
   26.897435    0.373595
   27.412933    4.930218
   27.971598    0.300560
   28.605013    2.950684
   28.655831    0.000000
   28.571144    0.050748
   28.983993    0.000000
   29.671422    3.489967
   29.589391    0.816864
   30.480850    4.754525
   30.504843    0.520892
   30.504843    0.520892
   30.608564    0.000000
   30.576719    2.291257
   30.988855    0.020825
   31.059720    0.011373
   31.442821    0.000000
   31.567025    0.094561
   31.567025    0.094561
   31.613508    9.029785
   32.379071    0.955462
   32.401799    0.978301
   32.545361    1.421429
   32.469896    1.235778
   32.838247    0.571995
   33.409852    3.959047
   33.454048    0.917167
   33.380407    1.703340
   33.761845    0.265711
   34.182885    0.000000
   34.620853    0.000000
   34.642276    0.000000
   34.706476    0.000000
   35.209127    0.000000
   35.927433    0.000000
   36.017204    0.000000
   36.017204    0.000000
   35.989634    0.000000
   36.326489   11.174331
   36.408617    0.110298
   36.850519    0.000000
   36.891101    0.856643
   36.823487    0.000000
   37.173978    2.436810
   36.972149    1.700426
   37.581592    2.970545
   37.707795    2.077006
   37.707795    2.077006
   37.641437    2.049872
   38.366126    1.932455
   38.366126    1.932455
   38.470578    1.354530
   38.587846    3.267134
   39.156604    3.287928
   39.175881    0.778586
   39.259281    0.465156
   39.297742    0.000000
   39.546853    0.000000
   39.374570    1.001550
   39.623276    2.836560
   40.009715    2.431162
   40.717483    4.205526
   40.798252    2.182359
   41.095368    0.003386
   41.095368    0.003386
   40.909923    0.000000
   41.150903    0.249105
   41.452030    0.408607
   41.549981    0.576108
   41.586679    1.270104
   41.586679    1.270104
   41.842709    0.000000
   41.659995    0.000000
   42.212317    0.000000
   42.290742    0.000000
   42.326915    0.000000
   42.266651    0.000000
   42.561320    0.000000
   42.997360    0.000000
   43.128079    0.000000
   43.647698    0.000000
   43.741654    0.000000
   43.741654    0.000000
   43.776860    0.376337
   43.718209    0.095080
   44.005038    1.189777
   44.005038    1.189777
   44.022561    1.699137
   43.847204    0.971768
   43.806219    1.515234
   44.075093    4.169971
   44.162536    7.524163
   44.487600    1.894869
   44.557052    0.000000
   45.063527    0.000000
   45.080723    0.000000
   45.132280    0.549907
   45.218106    2.485838
   45.480369    2.291929
   45.848983    0.412561
   45.882909    1.450014
   45.950705    2.697589
   46.445267    3.194476
   46.462064    3.542035
   46.462064    3.542035
   46.254718    3.174361
   46.568301    3.850256
   46.785749    3.592011
   46.596271    3.357033
   46.852533    3.247457
   47.124340    3.351986
   47.212845    3.538692
   47.212845    3.538692
   46.935911    3.199445
   47.246015    2.454540
   47.477605    2.778323
   47.312302    3.400794
   47.883581    8.636368
   47.981982    3.510361
   47.981982    3.510361
   47.943768    3.139695
   48.547292    3.995395
   48.579771    5.221834
   48.579771    5.221834
   48.525665    5.371888
   48.525665    5.371888
   48.806570    7.915900
   49.118488    7.857116
   49.134590    6.387449
   49.204280    5.476245
   49.182869    3.274338
   49.460992    2.662054
   49.300701    2.661650
   49.263255    2.768480
   49.509035    2.763382
   49.769867    3.073932
   49.589031    3.221079
   50.235905    2.743480
   50.530757    2.910867
   50.735378    4.528530
   50.735378    4.528530
   51.137665    8.323782
   51.116848    7.451276
   51.387296    0.288934
   51.231417    0.742182
   51.231417    0.742182
   51.703282    0.000000
   51.770441    0.000000
   51.801431    0.000000
   51.801431    0.000000
   52.002451    0.000000
   52.017898    0.000000
   51.863373    0.000000
   51.827280    0.000000
   51.827280    0.000000
   52.064222    0.000000
   52.315789    0.000000
   51.956187    0.000000
   52.141364    0.944267
   52.428486    0.000000
   52.953792    0.000000
   52.953792    0.000000
   53.019829    0.000000
   53.050305    0.000000
   52.999539    0.000000
   53.111217    3.974419
   53.075723    3.630668
   53.308752    6.002503
   53.308752    6.002503
   53.202495    5.875675
   53.636856    3.855777
   53.636856    3.855777
   53.667087    1.808283
   53.727516    0.364921
   53.818070    0.793574
   54.184027    1.219584
   53.998769    1.637027
   54.229056    1.714210
   54.473639    1.532236
   54.488597    1.525135
   54.777114    1.795230
   54.856527    2.281834
   54.608161    1.935707
   54.945811    3.499028
   55.380693    1.768407
   55.380693    1.768407
   55.034996    2.068589
   55.459526    1.184215
   55.489079    1.243375
   55.439847    1.277365
   55.680838    1.602488
   55.548159    1.844529
   55.513733    2.121932
   55.739781    2.575118
   55.636698    2.921281
   56.087531    0.907189
   56.038647    0.976516
   56.146193    0.000000
   56.574933    4.349147
   56.589518    5.544238
   56.652666    6.928982
   56.652666    6.928982
   56.409576    6.204311
   56.885452    9.318709
   56.706120    9.337901
   57.165902    0.000000
   56.827383    0.000000
   57.272063    8.739722
   57.474353    0.000000
   57.329933    6.056779
   57.329933    6.056779
   57.416668    0.000000
   57.767357    0.000000
   57.858435    0.000000
   57.858435    0.000000
   57.810525    0.000000
   58.045072    0.000000
   57.882426    0.000000
   58.002106    0.000000
   58.393451    0.000000
   58.640785    0.000000
   58.991662    0.000000
   58.991662    0.000000
   59.020068    0.000000
   59.204405    0.000000
   59.218576    0.000000
   59.076852    0.000000
   59.043761    0.000000
   59.261080    0.000000
   59.261080    0.000000
   59.161967    0.000000
   59.567347    0.000000
   59.331878    0.000000
   59.331878    0.000000
   59.143089    0.000000
   59.595583    0.000000
   60.064784    0.000000
   60.078832    0.000000
   60.139654    0.000000
   59.905555    0.000000
   59.717876    0.000000
   60.349919    0.000000
   60.223849    0.000000
   60.223849    0.000000
   60.191145    0.000000
   60.405940    0.000000
   60.307973    0.000000
   60.708698    0.000000
   60.289315    0.000000
